       106414406
       133193142
       138647476
       142262268
       146741538
       150098900
       156091716
       154027826
       162866242
       167715032
       167670344
       170869298
       172161264
       172415504
       174993272
       179111356
       178185086
       181215382
       180499402
       182179418
       179375944
       174221130
       179086240
       182803540
       186026496
       185662368
       186784942
       183964832
       175531408
       185424354
       179440970
       166938160
       182554020
       191863552
       177300202
       187786538
       169424946
       180141432
       187193866
       196419852
       173099468
       181814076
       190186244
       199229272
       207649534
       172461556
       181314790
       187849728
       196878102
       206040384
       213804542
       221331012
       171749794
       178705348
       182986146
       189641696
       198965526
       204332180
       212746860
       221305040
       230468584
       236534382
       243360348
       165747414
