        79808660
       123898794
       139210420
       145677818
       152019918
       156352290
       161468992
       161741232
       168392264
       171438004
       171687428
       174730086
       177342208
       176990674
       178757966
       175521096
       179291380
       181935984
       181998284
       184165318
       183599720
       180216338
       185433922
       190741136
       193457316
       196169766
       198017834
       193123320
       187223598
       198178760
       192514296
       179461478
       197345210
       207099538
       192080030
       201694652
       184108360
       195328442
       203571172
       214348960
       188065740
       198223928
       207784370
       217434404
       227103586
       188431320
       198633328
       205651032
       214741806
       226106748
       234122812
       241658470
       188895578
       196536560
       201884060
       209528140
       219091502
       225383246
       233433822
       242377516
       253664272
       260374880
       269088094
       182640494
