        34879412
        39701358
        42109340
        41527584
        43064718
        43552916
        45920972
        45020752
        49732240
        51653624
        50465124
        54344730
        55944880
        54979690
        57093710
        51099160
        57676974
        57526786
        55621456
        61681892
        55878428
        58700498
        50574272
        55457472
        59789826
        64960876
        53357724
        56140742
        60549266
        64878628
        68540044
        50901640
        51030222
        54160076
        56434624
        61076006
        63744932
        66875076
        71188984
        75044330
        78679966
        82698158
        86226574
        90049274
        94494662
        49149572
        51564286
        52739512
        55864474
        58410568
        60051126
        63405630
        64862638
        67957782
        68819590
        72183624
        75771692
        77739934
        79408488
        84587002
        87024052
        89970040
        92430410
       102880098
