        69897584
       114543454
       126598700
       134799614
       135412080
       138674078
       143197846
       141523098
       153420608
       152097250
       153192604
       154766194
       156909458
       162402436
       159259472
       164405048
       159946526
       168853048
       167107348
       170127870
       160886554
       156543602
       160304586
       164752604
       169896352
       165523134
       166705176
       161938324
       156519998
       166286750
       160224192
       152325258
       164679104
       170568576
       162482646
       169105510
       158073514
       159257050
       172951772
       180425944
       158028700
       163531826
       171087484
       178280418
       192612760
       159516002
       160410032
       172768482
       174343266
       190696316
       192418698
       204274738
       154179234
       159375606
       169669908
       176750168
       177088744
       182856572
       195596906
       197406416
       206032884
       211106540
       216227668
       153337406
