        28147874
        75351658
        89535658
        95797874
       100249018
       103439864
       108501800
       106530504
       114342040
       117899414
       118829844
       121560174
       123187530
       122984690
       125210646
       127252014
       128734126
       132854386
       132699314
       133768002
       131906742
       130095896
       133409638
       134983558
       139403194
       137588076
       138789155
       135697834
       130470052
       137447818
       133161270
       121870498
       135135276
       142418276
       132148360
       140122216
       126222152
       133092634
       139145644
       144569152
       129100336
       134726414
       142173688
       148799080
       155005306
       128530908
       134677212
       138674882
       146421424
       152021258
       158368008
       164087286
       128393738
       132689876
       137850038
       141693424
       147394122
       152707112
       159955632
       165172884
       171887094
       175132592
       180700876
       121906234
