         7014352
        56100336
        81615396
        94728570
       105088544
       110782786
       115314930
       116046394
       121983414
       124153132
       124721326
       127157548
       128813570
       129232620
       130466220
       128578128
       132710693
       134321038
       135626042
       137178508
       137664652
       134658160
       139869092
       143497350
       147735328
       148121888
       149545308
       146585554
       143910044
       151948990
       147663854
       138135076
       150922338
       158908792
       146992334
       155606394
       140843076
       148635288
       155860860
       163931474
       145096762
       152459424
       160208000
       168551098
       176642732
       147112090
       153699804
       158994796
       167040824
       171196522
       181033704
       187836284
       147479785
       153720422
       158450612
       163841310
       171321236
       176857514
       183932814
       190711748
       197964804
       203997096
       211602869
       144239116
