        44002766
        84756378
        94144788
        97305590
       100654832
       103315522
       108445834
       106000808
       113072242
       116443545
       117829540
       120602620
       123056218
       121627008
       124057258
       124181748
       126328536
       129980768
       128124972
       129618268
       127526778
       122971046
       127009156
       129918708
       131439374
       131054712
       129897234
       127495432
       123015822
       129251498
       124377226
       114155480
       125344180
       132888450
       123076972
       130783658
       116886872
       123962780
       128957014
       136095934
       118819344
       125378425
       130509948
       137781774
       143421972
       118651796
       124765188
       127140014
       134201626
       139401651
       145294914
       149752348
       117612086
       121754714
       124776638
       131046312
       136071214
       139559844
       145268616
       149483934
       158160390
       160997935
       165660090
       112691380
