[496 23]
[497 23]
[498 23]
[499 23]
[500 23]
[496 24]
[497 24]
[498 24]
[499 24]
[500 24]
[499 25]
[500 25]
[419 30]
[420 30]
[421 30]
[419 31]
[420 31]
[764 37]
[764 38]
[764 39]
[764 40]
[763 41]
[764 41]
[763 42]
[764 42]
[42 194]
[43 194]
[43 195]
[122 206]
[123 207]
[42 211]
[648 211]
[42 212]
[108 215]
[78 221]
[301 225]
[306 225]
[307 225]
[307 226]
[107 227]
[108 227]
[77 233]
[78 233]
[76 234]
[77 234]
[343 243]
[348 243]
[349 243]
[90 244]
[350 307]
[360 309]
[381 313]
[382 313]
[392 316]
[300 322]
[301 322]
[319 326]
[320 326]
[320 327]
[340 330]
[403 333]
[298 352]
[304 353]
[304 354]
[316 357]
[317 357]
[323 358]
[323 359]
[361 365]
[356 366]
[357 366]
[357 367]
[567 402]
[602 406]
[602 407]
[603 407]
[465 409]
[534 411]
[626 413]
[627 413]
[553 416]
[554 416]
[623 423]
[603 512]
[604 512]
