[748 6]
[749 6]
[749 7]
[728 21]
[728 22]
[729 22]
[764 31]
[764 32]
[764 33]
[407 74]
[408 74]
[409 74]
[764 139]
[143 143]
[144 143]
[143 144]
[144 144]
[137 145]
[194 147]
[195 147]
[190 148]
[682 190]
[683 190]
[243 196]
[234 198]
[225 200]
[214 202]
[204 204]
[255 206]
[183 209]
[184 209]
[171 211]
[161 214]
[162 214]
[391 217]
[160 238]
[184 260]
[177 262]
[163 266]
[156 268]
[608 336]
[607 337]
[608 337]
[608 338]
[165 347]
[166 347]
[165 348]
[166 348]
[597 397]
[348 406]
[422 439]
[344 487]
[343 488]
[344 488]
[392 509]
[392 510]
[393 510]
[281 512]
[34 513]
[284 513]
[291 518]
[291 519]
[292 519]
[268 524]
[226 525]
[227 525]
[228 525]
[227 526]
[228 526]
[324 529]
[325 529]
[337 537]
[337 538]
[243 547]
