[146 19]
[519 40]
[520 40]
[521 40]
[522 40]
[523 40]
[519 41]
[520 41]
[521 41]
[522 41]
[523 41]
[524 41]
[521 42]
[522 42]
[523 42]
[459 54]
[460 54]
[461 54]
[459 55]
[460 55]
[66 133]
[67 133]
[68 133]
[22 156]
[23 156]
[24 156]
[22 157]
[23 157]
[24 157]
[36 157]
[23 158]
[24 158]
[35 158]
[36 158]
[37 158]
[62 158]
[63 158]
[64 158]
[35 159]
[36 159]
[37 159]
[61 159]
[62 159]
[63 159]
[64 159]
[65 159]
[19 160]
[20 160]
[61 160]
[62 160]
[63 160]
[64 160]
[65 160]
[20 161]
[21 161]
[61 161]
[62 161]
[63 161]
[20 162]
[21 162]
[22 162]
[20 163]
[21 163]
[22 163]
[53 163]
[54 163]
[55 163]
[53 164]
[54 164]
[55 164]
[54 165]
[43 168]
[44 168]
[45 168]
[43 169]
[44 169]
[45 169]
[44 170]
[45 170]
[46 170]
[44 171]
[45 171]
[46 171]
[45 172]
[156 209]
[157 209]
[156 210]
[157 210]
[227 218]
[155 222]
[156 222]
[372 232]
[373 232]
[374 232]
[375 232]
[214 233]
[213 234]
[214 234]
[186 238]
[187 238]
[185 239]
[186 239]
[187 239]
[186 240]
[403 247]
[404 247]
[405 247]
[406 247]
[446 262]
[371 294]
[385 297]
[67 299]
[65 302]
[436 311]
[371 315]
[373 316]
[385 319]
[398 323]
[430 330]
[369 342]
[372 343]
[373 343]
[382 346]
[385 347]
[386 347]
[386 348]
[410 355]
[427 358]
[429 363]
[575 397]
[575 398]
[606 405]
[628 413]
[363 422]
[363 423]
[608 512]
[608 513]
[609 513]
[231 522]
[752 536]
[753 536]
[754 536]
[755 536]
[753 537]
[141 543]
[142 543]
[141 544]
[232 551]
[233 551]
[21 566]
