[247 70]
[247 71]
[177 82]
[178 82]
[178 83]
[179 83]
[399 87]
[400 87]
[236 89]
[235 90]
[236 90]
[210 93]
[178 94]
[179 94]
[209 102]
[210 102]
[211 102]
[210 103]
[432 110]
[433 110]
[435 111]
[74 115]
[75 115]
[76 115]
[75 116]
[76 116]
[397 163]
[456 172]
[398 187]
[407 192]
[411 194]
[412 194]
[139 265]
[279 355]
[597 367]
[597 368]
[597 369]
[598 369]
[289 388]
[56 393]
[210 394]
[209 395]
[210 395]
[211 395]
[210 396]
[48 414]
[49 414]
[48 415]
[49 415]
[63 415]
[78 415]
[79 415]
[79 416]
[114 416]
[446 437]
[305 456]
[306 456]
[305 457]
[398 480]
[399 480]
[764 481]
[718 537]
[718 538]
