       150352604
       163415736
       161417012
       162437236
       164427392
       166742184
       170071066
       170258908
       175280182
       180240318
       181011056
       183040362
       184768522
       183612002
       185516836
       176897672
       183816214
       186100366
       185139934
       187152084
       185338254
       181593378
       186156798
       190686672
       192426016
       195869806
       196098288
       190648200
       184886722
       195897254
       190015154
       176606408
       192828432
       202911052
       187639050
       198758622
       179926994
       191722232
       197997276
       210514940
       183894958
       194318140
       204227242
       213474000
       223293978
       185510840
       194550882
       201637998
       212096730
       221939878
       229857816
       237372530
       185039506
       193786494
       198090940
       205616192
       215012600
       221700150
       231825810
       240117204
       249520574
       258190672
       265877400
