       158936262
       157359526
       153185306
       151824614
       152626370
       153843126
       159316882
       156174508
       163035902
       169374812
       171729560
       174108462
       175042266
       173838578
       175992512
       175823642
       176564850
       179270500
       178612698
       178730968
       176706728
       171550612
       174878118
       180047766
       183863536
       183587938
       184138378
       180526210
       173341472
       183113718
       177769330
       166249546
       180530988
       189824378
       174834336
       184745270
       167263182
       176993078
       184885342
       193965438
       171278650
       179329362
       188296952
       196288792
       205014214
       169840906
       178224978
       185474910
       194212438
       202530474
       210318526
       215873026
       168535596
       175319732
       180151816
       186478310
       195677802
       199797348
       209851542
       216805374
       224510502
       231835300
       238855568
