       101291014
       110270602
       119561488
       121765898
       124198198
       126619668
       130151620
       131150464
       134648848
       140190106
       142610192
       143825108
       144412830
       143270498
       144950120
       135385162
       144803310
       147009964
       145974626
       147448706
       147683642
       144185796
       147807488
       150640638
       154089536
       155329368
       154077366
       149981034
       145751636
       154144972
       149700300
       137715356
       152579594
       161029686
       148799416
       157222698
       142198324
       152673940
       157777726
       166118718
       146634348
       154142714
       162976032
       169496826
       177801566
       147694138
       152593606
       158185692
       166974192
       174154046
       181525124
       187764010
       146135222
       153973676
       157629870
       163676376
       170927800
       176513794
       183384834
       188388552
       197259990
       205081938
       210841912
