       115254952
       118249304
       115475988
       113446486
       113437178
       113617672
       118443642
       118925054
       122666506
       124157744
       125529000
       126773374
       127674990
       126405988
       128366362
       128511712
       130898768
       133934286
       132108288
       132336764
       131078234
       126945401
       129635786
       132461952
       133185392
       134699486
       132180428
       129641810
       125470170
       132428248
       127133148
       116825756
       127322796
       135837610
       124848864
       132770370
       119431576
       125369774
       129902176
       136616648
       120031436
       126905492
       131475128
       139296822
       144226862
       119402300
       125543500
       127896940
       135525838
       139602708
       146567376
       151027030
       118640816
       122421752
       126523108
       131131020
       137021942
       140599750
       146654126
       152144106
       157767684
       164046542
       164801646
