       778523150
       773584906
       769131038
       771792114
       774822544
       781519662
       792819936
       794370730
       809525164
       813331994
       813479394
       822177110
       830160822
       823773492
       828865480
       813235912
       821994858
       833228750
       828085386
       835821510
       827233686
       809262150
       831958832
       854427968
       865966342
       871964480
       878165076
       857402114
       830646804
       884578396
       859582706
       808345202
       868704908
       916583552
       848375000
       896927464
       815215886
       861429802
       899889716
       946489044
       831399110
       873143774
       915487064
       960344420
      1004304930
       831647866
       873733926
       907299214
       943139744
       985622072
      1025410962
      1058041470
       828085972
       858508958
       883688346
       915216282
       957650406
       983182738
      1021604336
      1055067658
      1095677760
      1132310504
      1168827068
