[617 67]
[623 69]
[630 70]
[636 71]
[642 72]
[648 73]
[618 74]
[624 75]
[655 75]
[631 76]
[661 76]
[637 77]
[643 79]
[650 80]
[619 81]
[656 81]
[625 82]
[662 82]
[632 83]
[638 84]
[644 85]
[651 87]
[620 88]
[657 88]
[627 89]
[663 89]
[633 90]
[639 91]
[646 92]
[652 93]
[621 95]
[658 95]
[664 95]
[627 97]
[634 97]
[640 98]
[647 99]
[653 100]
[653 101]
[659 101]
[622 102]
[629 103]
[635 104]
[641 105]
[648 106]
[654 107]
[660 108]
[623 110]
[667 110]
[629 111]
[636 111]
[642 112]
[649 113]
[655 114]
[623 116]
[662 116]
[667 116]
[630 118]
[637 119]
[643 119]
[649 120]
[656 121]
[656 122]
[662 122]
[625 125]
[631 125]
[638 127]
[644 127]
[650 127]
[657 129]
[663 130]
[669 131]
[625 132]
[632 132]
[639 133]
[639 134]
[651 134]
[645 135]
[658 136]
[664 137]
[626 138]
[632 139]
[626 140]
[639 140]
[633 141]
[639 141]
[646 142]
[652 142]
[659 145]
[671 145]
[627 147]
[633 147]
[634 149]
[640 149]
[647 149]
[647 150]
[653 150]
[659 150]
[666 151]
[660 152]
[672 153]
[627 154]
[634 155]
[641 156]
[647 156]
[634 157]
[654 157]
[660 158]
[660 159]
[667 159]
[667 161]
[673 161]
[628 162]
[634 162]
[641 163]
[648 164]
[654 165]
[661 166]
[667 166]
[655 167]
[673 167]
[661 168]
[668 168]
[629 170]
[635 170]
[642 171]
[629 172]
[636 172]
[655 172]
[662 173]
[649 174]
[668 174]
[656 175]
[662 175]
[668 176]
[674 176]
[629 177]
[629 178]
[636 178]
[643 179]
[649 179]
[656 180]
[643 181]
[662 181]
[650 182]
[663 183]
[669 183]
[675 183]
[630 185]
[675 185]
[636 186]
[630 187]
[637 188]
[650 188]
[644 189]
[657 189]
[663 189]
[669 190]
[676 190]
[663 191]
[670 192]
[676 193]
[630 194]
[637 194]
[651 195]
[631 196]
[657 196]
[644 197]
[664 197]
[670 197]
[651 198]
[657 198]
[676 198]
[664 199]
[631 202]
[637 202]
[644 203]
[651 203]
[658 204]
[658 205]
[664 205]
[671 205]
[677 206]
[658 207]
[671 208]
[651 211]
[652 211]
[658 212]
[674 212]
[639 213]
[645 213]
[665 213]
[671 213]
[652 214]
[658 214]
[677 214]
[665 215]
[32 274]
[681 312]
[764 330]
[547 409]
[764 480]
[764 523]
[758 530]
[760 532]
