[192 39]
[174 44]
[168 45]
[149 46]
[155 46]
[137 47]
[131 48]
[119 49]
[114 50]
[167 51]
[149 52]
[183 53]
[131 54]
[163 54]
[177 54]
[114 56]
[145 56]
[127 58]
[109 59]
[176 60]
[183 60]
[158 62]
[140 63]
[172 63]
[121 64]
[167 64]
[154 65]
[104 66]
[135 66]
[118 68]
[166 70]
[148 71]
[130 73]
[182 73]
[163 74]
[113 75]
[143 75]
[139 76]
[126 77]
[108 79]
[176 79]
[157 80]
[176 80]
[144 81]
[139 82]
[121 83]
[172 83]
[108 84]
[153 84]
[103 85]
[134 85]
[147 85]
[117 87]
[166 89]
[129 92]
[134 92]
[180 92]
[161 93]
[175 93]
[112 94]
[143 94]
[138 95]
[107 97]
[103 98]
[175 99]
[181 99]
[156 100]
[162 100]
[138 101]
[144 101]
[125 102]
[103 103]
[119 103]
[121 103]
[108 104]
[189 107]
[764 145]
[698 152]
[716 154]
[764 171]
[733 175]
[745 178]
[731 181]
[764 183]
[758 187]
[751 191]
[751 194]
[618 272]
[598 288]
[638 291]
[643 308]
[652 313]
[629 322]
[764 323]
[758 324]
[720 326]
[720 327]
[721 327]
[764 330]
[621 332]
[760 334]
[643 337]
[672 337]
[673 337]
[689 338]
[629 341]
[663 351]
[764 353]
[621 360]
[733 361]
[625 377]
[751 416]
[667 420]
[671 422]
[481 502]
