[625 167]
[618 170]
[622 173]
[623 173]
[636 175]
[615 176]
[637 177]
[629 179]
[621 180]
[642 180]
[613 182]
[635 183]
[647 184]
[617 185]
[627 185]
[618 187]
[640 187]
[652 188]
[610 189]
[653 189]
[624 191]
[645 191]
[615 192]
[637 192]
[638 193]
[607 195]
[630 195]
[650 195]
[621 197]
[643 197]
[662 197]
[612 198]
[635 199]
[605 201]
[627 201]
[648 201]
[618 202]
[640 202]
[610 204]
[632 204]
[661 204]
[633 205]
[610 206]
[645 206]
[623 207]
[624 207]
[601 208]
[646 208]
[616 209]
[658 209]
[638 210]
[607 211]
[629 211]
[651 212]
[621 213]
[643 213]
[599 215]
[635 215]
[656 216]
[613 217]
[627 217]
[648 217]
[604 219]
[618 219]
[627 219]
[640 219]
[596 221]
[610 222]
[653 222]
[633 223]
[601 224]
[624 225]
[646 225]
[601 226]
[615 226]
[658 226]
[638 227]
[592 228]
[630 228]
[651 228]
[607 230]
[643 230]
[598 231]
[622 231]
[644 231]
[598 232]
[635 232]
[613 234]
[648 234]
[589 235]
[604 235]
[627 235]
[604 237]
[618 237]
[641 237]
[595 238]
[595 239]
[610 239]
[633 240]
[610 241]
[624 241]
[645 241]
[586 242]
[601 242]
[615 243]
[638 243]
[616 245]
[629 245]
[592 246]
[607 246]
[583 247]
[630 247]
[643 247]
[607 248]
[621 248]
[583 249]
[598 249]
[635 249]
[589 251]
[598 251]
[613 251]
[635 251]
[648 251]
[627 252]
[589 253]
[603 253]
[618 254]
[640 254]
[580 255]
[604 255]
[618 256]
[632 256]
[609 257]
[585 258]
[595 258]
[624 259]
[600 260]
[637 260]
[615 261]
[576 263]
[591 263]
[615 263]
[606 264]
[629 264]
[582 265]
[591 265]
[621 265]
[606 266]
[597 267]
[621 267]
[582 268]
[612 268]
[635 268]
[573 269]
[588 270]
[612 270]
[603 271]
[626 271]
[640 271]
[579 272]
[618 272]
[579 274]
[594 274]
[618 274]
[609 275]
[632 275]
[569 277]
[585 277]
[609 277]
[623 277]
[569 278]
[600 278]
[623 278]
[637 278]
[585 279]
[615 279]
[575 280]
[600 280]
[615 280]
[591 281]
[628 281]
[575 282]
[606 282]
[591 283]
[620 283]
[581 284]
[606 284]
[620 284]
[120 285]
[597 285]
[581 286]
[596 287]
[612 287]
[626 287]
[587 288]
[587 290]
[603 291]
[631 291]
[593 292]
[617 292]
[608 293]
[593 294]
[608 295]
[599 296]
[622 296]
[584 297]
[614 297]
[628 298]
[590 299]
[614 299]
[574 300]
[605 300]
[574 301]
[590 301]
[581 302]
[605 302]
[596 303]
[619 303]
[611 304]
[580 305]
[596 305]
[611 305]
[586 306]
[602 308]
[616 308]
[586 309]
[592 310]
[608 311]
[598 314]
[613 315]
[598 316]
[604 318]
[410 367]
[700 388]
[576 396]
[574 400]
[566 414]
[558 428]
[640 470]
[637 471]
[644 474]
[647 479]
[647 480]
[6 489]
[759 494]
[550 497]
[637 524]
[764 526]
[647 534]
[698 538]
[697 539]
[738 539]
[708 542]
[719 543]
[735 543]
[647 544]
[685 557]
[696 561]
