         7968796
        71152472
        99382208
       118465104
       131105214
       139094422
       145508864
       147849424
       156083234
       159090150
       160150850
       162357242
       166504010
       165838356
       169418906
       166427078
       170427012
       171583720
       173799974
       175577202
       176200414
       171793842
       177896212
       182136436
       186753394
       188063660
       189940956
       185402322
       180784796
       191379174
       186885756
       176262364
       190604190
       200346680
       186334250
       195360408
       178944130
       190518940
       197018878
       207607898
       182084656
       192747032
       202459100
       213408468
       221563778
       183677400
       195705234
       200742766
       210174808
       218826638
       226961534
       235907436
       185889328
       192996898
       198275048
       205839446
       216510368
       221621390
       231339490
       239703056
       250952062
       257774904
       265014808
       182018066
