      1270058356
      1306847712
      1302453430
      1308425170
      1315508678
      1327455442
      1335818224
      1330705624
      1361331892
      1352950308
      1356849218
      1362836910
      1376591934
      1367037038
      1379601846
      1353461468
      1378416728
      1392618906
      1378232160
      1391479538
      1381510988
      1356997766
      1396422564
      1427185524
      1446104710
      1455168952
      1457126402
      1434633624
      1388440276
      1483303816
      1438535894
      1355414654
      1448501158
      1529795916
      1418117670
      1500356216
      1359355328
      1436294348
      1506393742
      1586460212
      1392361402
      1460144720
      1532896328
      1608250310
      1678283934
      1413844258
      1466609218
      1526377578
      1585664802
      1659815700
      1718428028
      1784785082
      1415161584
      1471291264
      1520265868
      1578699200
      1636843826
      1690981708
      1749807928
      1812437862
      1874875006
      1936911914
      1999789166
      1374790768
