       179840004
       210122758
       215667160
       219045270
       223397888
       226588782
       231408056
       230793492
       239927408
       241963668
       242101976
       246366096
       248014364
       246441302
       249224050
       242755942
       246779126
       250962038
       249274250
       251390016
       250008024
       244323844
       251279432
       259017164
       262249560
       264742154
       266462516
       261544858
       252790160
       267744586
       260012956
       243504718
       264608452
       278591132
       256796942
       271169548
       246236906
       260779208
       271924988
       287874668
       251338346
       264495990
       277476384
       291959802
       304127676
       252151334
       265484290
       274078890
       286552226
       299821734
       310230420
       320593822
       250895924
       260585676
       268982012
       278700600
       289770294
       298432500
       309346872
       320710082
       335043488
       346673314
       357327510
       242193194
