       726476158
       499042968
       416827930
       376339206
       353625414
       341551362
       332350706
       325481998
       324193046
       320428410
       316198628
       315775116
       313780074
       307618302
       307526732
       299697698
       300616158
       302634926
       298055426
       301071082
       297492202
       289576092
       296077700
       304516602
       305017974
       308944684
       307466318
       301557528
       292016792
       308394732
       298899696
       281859402
       300803262
       317282198
       291756600
       308169840
       278466568
       294816508
       307343124
       323897602
       283025460
       297688996
       312611170
       327440110
       341282546
       283363466
       295895312
       307616774
       320372638
       335300838
       346524140
       358127034
       277880184
       289401828
       297044560
       308615446
       321656860
       330499518
       343729328
       355275748
       367797724
       380384258
       391716840
