      1273452042
      1301915678
      1307398170
      1315323518
      1322101850
      1327706018
      1340180772
      1343756168
      1360433540
      1366436290
      1368687842
      1374846924
      1388991104
      1374633356
      1387166512
      1360900988
      1386600244
      1401956690
      1386954186
      1399438020
      1391909884
      1364037338
      1402783447
      1435660480
      1454370102
      1463259480
      1471034426
      1438626852
      1397811480
      1493078156
      1441830042
      1362440346
      1454224394
      1540156880
      1427914652
      1510022756
      1366667064
      1444826394
      1515357382
      1597635272
      1397253998
      1467412002
      1539992110
      1617824510
      1686725152
      1403220924
      1470355718
      1539083008
      1593971984
      1666777376
      1727651474
      1795215628
      1398605958
      1451141152
      1501192236
      1553969364
      1617258466
      1669172056
      1730963186
      1793824406
      1852415466
      1913288570
      1975336286
