[192 39]
[173 44]
[174 44]
[155 45]
[168 45]
[149 46]
[155 46]
[136 47]
[137 47]
[131 48]
[118 49]
[119 49]
[114 50]
[167 51]
[149 52]
[178 53]
[182 53]
[183 53]
[131 54]
[132 54]
[163 54]
[177 54]
[114 55]
[164 55]
[114 56]
[144 56]
[145 56]
[127 57]
[127 58]
[109 59]
[109 60]
[176 60]
[177 60]
[183 60]
[158 62]
[140 63]
[172 63]
[121 64]
[167 64]
[122 65]
[154 65]
[104 66]
[105 66]
[135 66]
[135 67]
[118 68]
[166 70]
[148 71]
[167 71]
[149 72]
[181 72]
[182 72]
[130 73]
[182 73]
[112 74]
[163 74]
[113 75]
[143 75]
[144 75]
[126 76]
[139 76]
[126 77]
[108 78]
[108 79]
[176 79]
[157 80]
[176 80]
[139 81]
[144 81]
[157 81]
[158 81]
[120 82]
[138 82]
[139 82]
[121 83]
[171 83]
[172 83]
[108 84]
[148 84]
[152 84]
[153 84]
[103 85]
[104 85]
[134 85]
[147 85]
[117 87]
[166 89]
[129 92]
[134 92]
[176 92]
[180 92]
[181 92]
[182 92]
[111 93]
[161 93]
[162 93]
[175 93]
[181 93]
[112 94]
[143 94]
[162 94]
[138 95]
[143 95]
[103 97]
[107 97]
[108 97]
[103 98]
[174 98]
[174 99]
[175 99]
[181 99]
[156 100]
[162 100]
[174 100]
[175 100]
[137 101]
[138 101]
[143 101]
[144 101]
[155 101]
[156 101]
[157 101]
[120 102]
[125 102]
[137 102]
[138 102]
[103 103]
[119 103]
[120 103]
[121 103]
[103 104]
[104 104]
[108 104]
[189 107]
[764 144]
[763 145]
[764 145]
[698 152]
[715 154]
[716 154]
[717 154]
[716 155]
[717 155]
[764 171]
[764 172]
[733 175]
[734 175]
[733 176]
[734 176]
[744 178]
[745 178]
[744 179]
[745 179]
[746 179]
[732 180]
[731 181]
[732 181]
[731 182]
[732 182]
[764 182]
[764 183]
[764 184]
[757 186]
[758 186]
[759 186]
[758 187]
[759 187]
[751 190]
[750 191]
[751 191]
[751 192]
[751 193]
[752 193]
[751 194]
[752 194]
[618 272]
[597 287]
[598 287]
[597 288]
[598 288]
[638 291]
[639 291]
[637 292]
[638 292]
[643 307]
[642 308]
[643 308]
[642 309]
[643 309]
[651 313]
[652 313]
[651 314]
[652 314]
[764 321]
[629 322]
[630 322]
[764 322]
[764 323]
[758 324]
[720 326]
[720 327]
[721 327]
[764 329]
[764 330]
[620 331]
[621 331]
[620 332]
[621 332]
[622 332]
[620 333]
[621 333]
[622 333]
[621 334]
[759 334]
[760 334]
[761 334]
[760 335]
[643 336]
[672 336]
[673 336]
[642 337]
[643 337]
[644 337]
[672 337]
[673 337]
[643 338]
[689 338]
[629 341]
[630 341]
[662 350]
[663 350]
[664 350]
[662 351]
[663 351]
[664 351]
[663 352]
[763 352]
[764 352]
[763 353]
[764 353]
[764 354]
[621 360]
[622 360]
[733 361]
[624 376]
[625 377]
[751 416]
[752 416]
[666 420]
[667 420]
[667 421]
[671 422]
[672 422]
[481 502]
