[645 14]
[640 18]
[640 19]
[651 41]
[650 42]
[651 42]
[650 43]
[651 43]
[701 49]
[702 49]
[719 53]
[720 53]
[719 54]
[720 54]
[612 103]
[613 104]
[522 108]
[522 109]
[512 113]
[400 118]
[401 118]
[370 119]
[482 122]
[481 123]
[764 131]
[763 132]
[764 132]
[539 135]
[540 135]
[445 144]
[446 144]
[444 145]
[445 145]
[446 145]
[444 146]
[445 146]
[446 146]
[445 147]
[448 152]
[451 152]
[455 152]
[448 153]
[449 153]
[452 153]
[550 158]
[551 158]
[549 159]
[550 159]
[551 159]
[422 162]
[616 162]
[482 167]
[518 169]
[479 172]
[479 173]
[605 173]
[645 178]
[646 178]
[645 179]
[646 179]
[647 179]
[646 180]
[460 185]
[667 216]
[686 236]
[764 315]
[764 316]
[764 347]
