[625 167]
[626 168]
[618 170]
[622 173]
[623 173]
[623 174]
[636 175]
[615 176]
[636 176]
[637 176]
[637 177]
[628 178]
[629 179]
[621 180]
[642 180]
[613 182]
[634 182]
[635 183]
[626 184]
[647 184]
[617 185]
[618 185]
[626 185]
[627 185]
[618 186]
[639 186]
[618 187]
[640 187]
[610 188]
[652 188]
[610 189]
[653 189]
[623 190]
[624 190]
[644 190]
[615 191]
[624 191]
[645 191]
[615 192]
[616 192]
[637 192]
[615 193]
[616 193]
[638 193]
[607 194]
[629 194]
[607 195]
[608 195]
[629 195]
[630 195]
[650 195]
[651 195]
[620 196]
[621 196]
[642 196]
[621 197]
[622 197]
[643 197]
[662 197]
[612 198]
[613 198]
[634 198]
[635 198]
[663 198]
[612 199]
[613 199]
[634 199]
[635 199]
[613 200]
[626 200]
[635 200]
[604 201]
[605 201]
[626 201]
[627 201]
[647 201]
[648 201]
[604 202]
[605 202]
[618 202]
[627 202]
[640 202]
[648 202]
[618 203]
[619 203]
[639 203]
[640 203]
[641 203]
[660 203]
[610 204]
[619 204]
[632 204]
[641 204]
[661 204]
[609 205]
[610 205]
[632 205]
[633 205]
[610 206]
[624 206]
[633 206]
[645 206]
[623 207]
[624 207]
[645 207]
[646 207]
[601 208]
[602 208]
[624 208]
[646 208]
[615 209]
[616 209]
[637 209]
[638 209]
[658 209]
[615 210]
[616 210]
[638 210]
[658 210]
[659 210]
[606 211]
[607 211]
[629 211]
[630 211]
[650 211]
[607 212]
[608 212]
[630 212]
[651 212]
[599 213]
[607 213]
[621 213]
[642 213]
[643 213]
[599 214]
[621 214]
[622 214]
[643 214]
[598 215]
[599 215]
[612 215]
[613 215]
[622 215]
[635 215]
[656 215]
[612 216]
[613 216]
[635 216]
[636 216]
[656 216]
[604 217]
[613 217]
[626 217]
[627 217]
[648 217]
[603 218]
[604 218]
[626 218]
[627 218]
[628 218]
[648 218]
[649 218]
[604 219]
[605 219]
[618 219]
[627 219]
[640 219]
[596 220]
[618 220]
[619 220]
[640 220]
[641 220]
[595 221]
[596 221]
[610 221]
[618 221]
[619 221]
[632 221]
[653 221]
[595 222]
[596 222]
[609 222]
[610 222]
[632 222]
[633 222]
[653 222]
[654 222]
[610 223]
[611 223]
[624 223]
[633 223]
[601 224]
[610 224]
[623 224]
[624 224]
[645 224]
[646 224]
[601 225]
[602 225]
[624 225]
[625 225]
[646 225]
[601 226]
[615 226]
[616 226]
[637 226]
[638 226]
[658 226]
[593 227]
[615 227]
[616 227]
[638 227]
[651 227]
[592 228]
[593 228]
[607 228]
[616 228]
[629 228]
[630 228]
[651 228]
[592 229]
[606 229]
[607 229]
[608 229]
[629 229]
[630 229]
[651 229]
[607 230]
[608 230]
[621 230]
[643 230]
[597 231]
[598 231]
[621 231]
[622 231]
[643 231]
[644 231]
[598 232]
[599 232]
[621 232]
[622 232]
[635 232]
[598 233]
[612 233]
[613 233]
[635 233]
[636 233]
[589 234]
[590 234]
[612 234]
[613 234]
[627 234]
[648 234]
[589 235]
[590 235]
[603 235]
[604 235]
[626 235]
[627 235]
[628 235]
[649 235]
[603 236]
[604 236]
[605 236]
[627 236]
[640 236]
[595 237]
[604 237]
[618 237]
[619 237]
[640 237]
[641 237]
[594 238]
[595 238]
[618 238]
[619 238]
[632 238]
[595 239]
[596 239]
[609 239]
[610 239]
[632 239]
[633 239]
[586 240]
[595 240]
[609 240]
[610 240]
[632 240]
[633 240]
[586 241]
[587 241]
[609 241]
[610 241]
[623 241]
[624 241]
[645 241]
[646 241]
[586 242]
[587 242]
[600 242]
[601 242]
[623 242]
[624 242]
[625 242]
[638 242]
[586 243]
[600 243]
[601 243]
[602 243]
[615 243]
[624 243]
[637 243]
[638 243]
[592 244]
[601 244]
[615 244]
[616 244]
[638 244]
[591 245]
[592 245]
[615 245]
[616 245]
[629 245]
[630 245]
[592 246]
[606 246]
[607 246]
[629 246]
[630 246]
[583 247]
[592 247]
[606 247]
[607 247]
[608 247]
[621 247]
[630 247]
[643 247]
[583 248]
[607 248]
[620 248]
[621 248]
[622 248]
[643 248]
[582 249]
[583 249]
[597 249]
[598 249]
[621 249]
[622 249]
[635 249]
[598 250]
[612 250]
[621 250]
[635 250]
[636 250]
[589 251]
[598 251]
[612 251]
[613 251]
[635 251]
[648 251]
[588 252]
[589 252]
[612 252]
[613 252]
[626 252]
[627 252]
[588 253]
[589 253]
[603 253]
[604 253]
[626 253]
[627 253]
[580 254]
[603 254]
[604 254]
[618 254]
[627 254]
[640 254]
[641 254]
[580 255]
[604 255]
[618 255]
[619 255]
[640 255]
[579 256]
[580 256]
[618 256]
[619 256]
[632 256]
[609 257]
[610 257]
[633 257]
[585 258]
[595 258]
[609 258]
[610 258]
[624 258]
[609 259]
[610 259]
[623 259]
[624 259]
[600 260]
[624 260]
[637 260]
[638 260]
[600 261]
[601 261]
[615 261]
[637 261]
[638 261]
[576 262]
[577 262]
[600 262]
[601 262]
[614 262]
[615 262]
[616 262]
[576 263]
[577 263]
[591 263]
[592 263]
[615 263]
[630 263]
[576 264]
[606 264]
[629 264]
[630 264]
[582 265]
[591 265]
[606 265]
[607 265]
[621 265]
[581 266]
[582 266]
[606 266]
[607 266]
[620 266]
[621 266]
[582 267]
[597 267]
[620 267]
[621 267]
[634 267]
[635 267]
[582 268]
[597 268]
[598 268]
[612 268]
[634 268]
[635 268]
[573 269]
[588 269]
[597 269]
[611 269]
[612 269]
[613 269]
[626 269]
[572 270]
[573 270]
[588 270]
[612 270]
[626 270]
[627 270]
[588 271]
[589 271]
[603 271]
[626 271]
[627 271]
[640 271]
[579 272]
[588 272]
[603 272]
[604 272]
[617 272]
[618 272]
[594 273]
[603 273]
[617 273]
[618 273]
[632 273]
[579 274]
[594 274]
[617 274]
[618 274]
[631 274]
[632 274]
[579 275]
[594 275]
[609 275]
[631 275]
[632 275]
[570 276]
[585 276]
[594 276]
[608 276]
[609 276]
[610 276]
[569 277]
[570 277]
[585 277]
[609 277]
[623 277]
[624 277]
[569 278]
[584 278]
[585 278]
[600 278]
[623 278]
[637 278]
[575 279]
[585 279]
[614 279]
[615 279]
[574 280]
[575 280]
[600 280]
[614 280]
[615 280]
[629 280]
[575 281]
[576 281]
[591 281]
[615 281]
[628 281]
[629 281]
[575 282]
[590 282]
[591 282]
[605 282]
[606 282]
[628 282]
[590 283]
[591 283]
[605 283]
[606 283]
[620 283]
[581 284]
[606 284]
[620 284]
[621 284]
[120 285]
[581 285]
[582 285]
[596 285]
[597 285]
[620 285]
[581 286]
[582 286]
[596 286]
[611 286]
[612 286]
[596 287]
[597 287]
[611 287]
[612 287]
[626 287]
[587 288]
[588 288]
[611 288]
[612 288]
[625 288]
[626 288]
[587 289]
[588 289]
[602 289]
[626 289]
[587 290]
[588 290]
[602 290]
[603 290]
[617 290]
[602 291]
[603 291]
[616 291]
[617 291]
[618 291]
[631 291]
[593 292]
[594 292]
[617 292]
[592 293]
[593 293]
[594 293]
[608 293]
[593 294]
[607 294]
[608 294]
[609 294]
[623 294]
[608 295]
[622 295]
[623 295]
[599 296]
[600 296]
[622 296]
[584 297]
[598 297]
[599 297]
[614 297]
[584 298]
[599 298]
[613 298]
[614 298]
[615 298]
[628 298]
[575 299]
[589 299]
[590 299]
[614 299]
[574 300]
[589 300]
[590 300]
[591 300]
[605 300]
[574 301]
[589 301]
[590 301]
[604 301]
[605 301]
[580 302]
[581 302]
[590 302]
[605 302]
[619 302]
[620 302]
[581 303]
[595 303]
[596 303]
[619 303]
[580 304]
[595 304]
[596 304]
[610 304]
[611 304]
[580 305]
[595 305]
[596 305]
[610 305]
[611 305]
[586 306]
[587 306]
[610 306]
[611 306]
[586 307]
[587 307]
[601 307]
[602 307]
[586 308]
[601 308]
[602 308]
[616 308]
[586 309]
[601 309]
[602 309]
[592 310]
[592 311]
[607 311]
[608 311]
[592 312]
[593 312]
[608 312]
[592 313]
[598 314]
[598 315]
[599 315]
[613 315]
[598 316]
[598 317]
[604 318]
[604 319]
[605 319]
[410 367]
[700 388]
[576 396]
[574 400]
[566 414]
[558 428]
[640 470]
[636 471]
[637 471]
[637 472]
[644 474]
[647 479]
[647 480]
[648 480]
[5 488]
[6 488]
[4 489]
[5 489]
[6 489]
[5 490]
[6 490]
[759 493]
[758 494]
[759 494]
[550 497]
[637 524]
[638 524]
[637 525]
[638 525]
[764 525]
[763 526]
[764 526]
[764 527]
[647 534]
[698 538]
[738 538]
[697 539]
[698 539]
[699 539]
[738 539]
[698 540]
[709 541]
[707 542]
[708 542]
[709 542]
[646 543]
[647 543]
[719 543]
[735 543]
[647 544]
[646 545]
[685 557]
[686 557]
[696 561]
