[680 11]
[562 43]
[563 43]
[524 44]
[525 44]
[563 44]
[673 74]
[709 74]
[602 75]
[672 75]
[673 75]
[709 75]
[584 79]
[585 79]
[583 80]
[584 80]
[585 80]
[583 81]
[584 81]
[585 81]
[627 86]
[628 86]
[627 87]
[622 89]
[643 89]
[714 89]
[715 89]
[622 90]
[643 90]
[714 90]
[715 90]
[649 91]
[648 92]
[649 92]
[726 93]
[726 94]
[629 101]
[703 105]
[703 106]
[704 106]
[704 107]
[640 109]
[677 109]
[678 109]
[696 111]
[696 112]
[629 113]
[637 113]
[636 114]
[637 114]
[638 114]
[764 128]
[763 129]
[764 129]
[764 157]
[719 164]
[720 164]
[720 165]
[745 268]
[683 390]
[655 436]
[654 437]
