[8 5]
[9 5]
[666 5]
[667 5]
[668 5]
[665 6]
[666 6]
[667 6]
[666 7]
[667 7]
[25 11]
[26 11]
[25 12]
[26 12]
[9 15]
[665 20]
[665 21]
[665 22]
[621 50]
[668 50]
[629 52]
[630 52]
[629 53]
[630 53]
[620 54]
[641 54]
[619 55]
[641 55]
[636 57]
[636 58]
[637 58]
[632 62]
[653 62]
[654 62]
[632 63]
[653 63]
[654 63]
[632 64]
[577 93]
[667 94]
[764 116]
[764 117]
[660 128]
[543 159]
[544 159]
[510 160]
[511 160]
[544 160]
[510 161]
[511 161]
[637 171]
[634 180]
[635 180]
[634 181]
[635 181]
[592 187]
[567 188]
[592 188]
[634 188]
[566 189]
[567 189]
[567 190]
[553 194]
[554 194]
[555 194]
[553 195]
[554 195]
[555 195]
[554 196]
[594 196]
[595 196]
[596 196]
[594 197]
[554 198]
[601 198]
[601 199]
[607 200]
[672 200]
[673 200]
[659 201]
[672 201]
[673 201]
[681 203]
[682 203]
[683 203]
[681 204]
[682 204]
[683 204]
[623 205]
[682 205]
[610 210]
[538 213]
[539 213]
[610 213]
[589 215]
[656 215]
[657 215]
[656 216]
[657 216]
[631 217]
[650 220]
[573 238]
[574 238]
[646 262]
[645 263]
[654 270]
[654 271]
[654 272]
[629 426]
[623 436]
[624 436]
