[616 67]
[617 67]
[617 68]
[623 68]
[623 69]
[629 69]
[630 69]
[630 70]
[636 70]
[636 71]
[642 71]
[642 72]
[648 73]
[649 73]
[617 74]
[618 74]
[649 74]
[655 74]
[618 75]
[624 75]
[655 75]
[624 76]
[631 76]
[661 76]
[631 77]
[637 77]
[637 78]
[643 78]
[643 79]
[644 79]
[618 80]
[619 80]
[650 80]
[618 81]
[619 81]
[625 81]
[656 81]
[625 82]
[626 82]
[631 82]
[656 82]
[662 82]
[625 83]
[631 83]
[632 83]
[662 83]
[632 84]
[638 84]
[638 85]
[644 85]
[645 85]
[644 86]
[645 86]
[651 86]
[619 87]
[620 87]
[651 87]
[657 87]
[619 88]
[620 88]
[626 88]
[657 88]
[663 88]
[620 89]
[626 89]
[627 89]
[633 89]
[663 89]
[626 90]
[633 90]
[639 90]
[633 91]
[639 91]
[640 91]
[639 92]
[640 92]
[645 92]
[646 92]
[646 93]
[652 93]
[620 94]
[621 94]
[652 94]
[658 94]
[620 95]
[621 95]
[627 95]
[658 95]
[664 95]
[621 96]
[627 96]
[628 96]
[633 96]
[634 96]
[664 96]
[627 97]
[628 97]
[633 97]
[634 97]
[640 97]
[634 98]
[640 98]
[641 98]
[640 99]
[641 99]
[647 99]
[647 100]
[653 100]
[621 101]
[622 101]
[653 101]
[659 101]
[621 102]
[622 102]
[628 102]
[622 103]
[628 103]
[629 103]
[635 103]
[628 104]
[629 104]
[634 104]
[635 104]
[641 104]
[635 105]
[641 105]
[642 105]
[647 105]
[648 105]
[641 106]
[642 106]
[648 106]
[648 107]
[654 107]
[654 108]
[660 108]
[622 109]
[623 109]
[629 109]
[660 109]
[622 110]
[623 110]
[629 110]
[635 110]
[667 110]
[629 111]
[630 111]
[636 111]
[636 112]
[642 112]
[642 113]
[643 113]
[648 113]
[649 113]
[649 114]
[655 114]
[655 115]
[661 115]
[623 116]
[624 116]
[661 116]
[662 116]
[667 116]
[668 116]
[623 117]
[624 117]
[630 117]
[668 117]
[624 118]
[630 118]
[636 118]
[637 118]
[630 119]
[631 119]
[637 119]
[643 119]
[643 120]
[649 120]
[650 120]
[643 121]
[644 121]
[650 121]
[656 121]
[650 122]
[656 122]
[662 122]
[624 123]
[624 124]
[625 124]
[630 124]
[631 124]
[624 125]
[625 125]
[631 125]
[637 125]
[638 125]
[631 126]
[632 126]
[638 126]
[644 126]
[638 127]
[644 127]
[650 127]
[651 127]
[644 128]
[645 128]
[650 128]
[651 128]
[657 128]
[650 129]
[651 129]
[657 129]
[663 129]
[657 130]
[663 130]
[664 130]
[625 131]
[669 131]
[625 132]
[631 132]
[632 132]
[625 133]
[626 133]
[632 133]
[638 133]
[639 133]
[644 133]
[645 133]
[632 134]
[639 134]
[645 134]
[651 134]
[639 135]
[645 135]
[651 135]
[657 135]
[658 135]
[651 136]
[652 136]
[658 136]
[664 136]
[658 137]
[664 137]
[625 138]
[626 138]
[625 139]
[626 139]
[632 139]
[633 139]
[626 140]
[633 140]
[639 140]
[633 141]
[639 141]
[640 141]
[645 141]
[646 141]
[639 142]
[640 142]
[646 142]
[652 142]
[646 143]
[652 143]
[658 143]
[659 143]
[652 144]
[653 144]
[659 144]
[659 145]
[671 145]
[626 146]
[627 146]
[671 146]
[626 147]
[627 147]
[633 147]
[634 147]
[671 147]
[627 148]
[633 148]
[634 148]
[640 148]
[646 148]
[633 149]
[634 149]
[640 149]
[646 149]
[647 149]
[653 149]
[640 150]
[641 150]
[647 150]
[653 150]
[659 150]
[660 150]
[647 151]
[653 151]
[659 151]
[660 151]
[665 151]
[666 151]
[660 152]
[666 152]
[627 153]
[666 153]
[672 153]
[627 154]
[634 154]
[627 155]
[628 155]
[634 155]
[640 155]
[641 155]
[628 156]
[634 156]
[635 156]
[641 156]
[647 156]
[634 157]
[635 157]
[641 157]
[647 157]
[648 157]
[654 157]
[641 158]
[647 158]
[648 158]
[654 158]
[660 158]
[654 159]
[660 159]
[667 159]
[660 160]
[661 160]
[673 160]
[628 161]
[667 161]
[673 161]
[627 162]
[628 162]
[634 162]
[635 162]
[673 162]
[628 163]
[635 163]
[641 163]
[642 163]
[628 164]
[629 164]
[635 164]
[641 164]
[642 164]
[648 164]
[641 165]
[642 165]
[648 165]
[654 165]
[648 166]
[649 166]
[654 166]
[655 166]
[661 166]
[667 166]
[655 167]
[661 167]
[667 167]
[673 167]
[661 168]
[662 168]
[668 168]
[628 169]
[629 169]
[668 169]
[628 170]
[629 170]
[635 170]
[636 170]
[628 171]
[629 171]
[636 171]
[642 171]
[629 172]
[636 172]
[642 172]
[643 172]
[649 172]
[655 172]
[642 173]
[643 173]
[649 173]
[655 173]
[661 173]
[662 173]
[649 174]
[650 174]
[655 174]
[662 174]
[668 174]
[655 175]
[656 175]
[662 175]
[668 175]
[662 176]
[668 176]
[674 176]
[629 177]
[630 177]
[629 178]
[636 178]
[629 179]
[630 179]
[636 179]
[642 179]
[643 179]
[649 179]
[629 180]
[630 180]
[643 180]
[656 180]
[643 181]
[656 181]
[662 181]
[650 182]
[669 182]
[663 183]
[669 183]
[675 183]
[669 184]
[675 184]
[629 185]
[630 185]
[675 185]
[629 186]
[630 186]
[636 186]
[637 186]
[630 187]
[631 187]
[637 187]
[643 187]
[650 187]
[630 188]
[637 188]
[643 188]
[644 188]
[650 188]
[656 188]
[657 188]
[643 189]
[644 189]
[650 189]
[657 189]
[663 189]
[650 190]
[651 190]
[657 190]
[663 190]
[669 190]
[676 190]
[663 191]
[669 191]
[670 191]
[670 192]
[630 193]
[631 193]
[676 193]
[630 194]
[631 194]
[637 194]
[630 195]
[631 195]
[637 195]
[638 195]
[644 195]
[650 195]
[651 195]
[630 196]
[631 196]
[637 196]
[638 196]
[644 196]
[650 196]
[651 196]
[657 196]
[637 197]
[638 197]
[644 197]
[645 197]
[651 197]
[663 197]
[664 197]
[670 197]
[650 198]
[651 198]
[657 198]
[664 198]
[670 198]
[676 198]
[664 199]
[670 199]
[630 201]
[631 201]
[631 202]
[637 202]
[638 202]
[638 203]
[644 203]
[645 203]
[651 203]
[651 204]
[657 204]
[658 204]
[664 204]
[657 205]
[658 205]
[664 205]
[670 205]
[671 205]
[658 206]
[664 206]
[671 206]
[677 206]
[658 207]
[664 207]
[665 207]
[671 208]
[651 211]
[652 211]
[645 212]
[651 212]
[652 212]
[658 212]
[674 212]
[638 213]
[639 213]
[645 213]
[651 213]
[652 213]
[658 213]
[665 213]
[671 213]
[652 214]
[658 214]
[665 214]
[677 214]
[658 215]
[659 215]
[665 215]
[32 274]
[681 312]
[764 330]
[764 331]
[547 409]
[764 480]
[764 523]
[758 530]
[758 531]
[760 532]
[760 533]
[761 533]
