[399 8]
[399 9]
[556 22]
[187 23]
[183 24]
[287 31]
[275 32]
[255 33]
[256 33]
[257 33]
[256 34]
[257 34]
[71 47]
[71 48]
[108 81]
[109 81]
[40 87]
[16 229]
[17 229]
[17 230]
[18 230]
[19 230]
[20 230]
[17 231]
[18 231]
[19 231]
[475 277]
[764 280]
[764 281]
[695 376]
[764 423]
[764 424]
[695 426]
[696 426]
[695 427]
[696 427]
[689 429]
[688 430]
[689 430]
[620 444]
[621 444]
[620 445]
[621 445]
[622 445]
[627 448]
[762 456]
[762 457]
[763 457]
[764 457]
[763 458]
[764 458]
[736 541]
[477 562]
[611 563]
