[764 167]
[764 168]
[764 169]
[717 189]
[718 189]
[719 189]
[718 190]
[719 190]
[763 224]
[763 225]
[764 225]
[432 231]
[433 231]
[549 257]
[547 266]
[546 275]
[740 287]
[741 287]
[616 289]
[617 289]
[616 290]
[617 290]
[618 290]
[714 290]
[617 291]
[743 291]
[744 291]
[745 291]
[622 292]
[623 292]
[743 292]
[744 292]
[622 293]
[623 293]
[745 295]
[750 301]
[750 302]
[751 302]
[752 309]
[752 310]
[764 333]
[764 334]
[764 335]
[744 348]
[745 348]
[752 352]
[753 352]
[657 353]
[752 353]
[753 353]
[669 354]
[670 354]
[745 354]
[721 357]
[722 357]
[721 358]
[722 358]
[721 359]
[722 359]
[753 366]
[754 366]
[753 367]
[754 367]
[647 376]
[648 376]
[645 379]
[645 380]
[641 385]
[642 385]
[633 388]
[633 389]
[633 390]
[749 397]
[750 397]
[750 398]
[750 400]
[750 401]
[751 401]
[750 402]
[693 475]
[631 493]
[632 493]
[631 494]
[350 497]
[655 497]
[655 498]
[265 519]
[266 519]
[543 523]
[543 524]
[737 549]
[738 549]
[738 550]
[739 550]
[325 551]
[600 561]
[298 569]
[299 569]
[298 570]
[299 570]
